1jff 0 90 0 1 0 0 0
1jff 10.75 79.691 -41.8251 0.970942 -0.239316 0 7.67356e-09
1jff 21.5 51.1258 -74.0686 0.885456 -0.464723 0 7.45058e-09
1jff 32.25 10.8483 -89.3438 0.748511 -0.663123 0 7.80416e-09
1jff 43 -31.9144 -84.1515 0.568065 -0.822984 0 1.90262e-08
1jff 53.75 -67.366 -59.681 0.354605 -0.935016 0 5.24167e-08
1jff 64.5 -87.3848 -21.5384 0.120537 -0.992709 0 2.68247e-07
1jff 75.25 -87.3848 21.5384 0.120537 0.992709 0 3.34069e-07
1jff 86 -67.366 59.6811 0.354605 0.935016 0 1.51406e-07
1jff 96.75 -31.9144 84.1515 0.568065 0.822984 0 1.20949e-07
1jff 107.5 10.8483 89.3438 0.748511 0.663123 0 9.56722e-08
1jff 118.25 51.1259 74.0686 0.885456 0.464723 0 8.37802e-08
1jff 129 79.6911 41.8251 0.970942 0.239316 0 6.80458e-08
1jff 86.9565 90 0 1 0 0 0
1jff 97.7065 79.691 -41.8251 0.970942 -0.239316 0 7.67356e-09
1jff 108.457 51.1258 -74.0686 0.885456 -0.464723 0 7.45058e-09
1jff 119.207 10.8483 -89.3438 0.748511 -0.663123 0 7.80416e-09
1jff 129.957 -31.9144 -84.1515 0.568065 -0.822984 0 1.90262e-08
1jff 140.707 -67.366 -59.681 0.354605 -0.935016 0 5.24167e-08
1jff 151.457 -87.3848 -21.5384 0.120537 -0.992709 0 2.68247e-07
1jff 162.207 -87.3848 21.5384 0.120537 0.992709 0 3.34069e-07
1jff 172.956 -67.366 59.6811 0.354605 0.935016 0 1.51406e-07
1jff 183.706 -31.9144 84.1515 0.568065 0.822984 0 1.20949e-07
1jff 194.456 10.8483 89.3438 0.748511 0.663123 0 9.56722e-08
1jff 205.207 51.1259 74.0686 0.885456 0.464723 0 8.37802e-08
1jff 215.957 79.6911 41.8251 0.970942 0.239316 0 6.80458e-08
1jff 173.913 90 0 1 0 0 0
1jff 184.663 79.691 -41.8251 0.970942 -0.239316 0 7.67356e-09
1jff 195.413 51.1258 -74.0686 0.885456 -0.464723 0 7.45058e-09
1jff 206.163 10.8483 -89.3438 0.748511 -0.663123 0 7.80416e-09
1jff 216.913 -31.9144 -84.1515 0.568065 -0.822984 0 1.90262e-08
1jff 227.663 -67.366 -59.681 0.354605 -0.935016 0 5.24167e-08
1jff 238.413 -87.3848 -21.5384 0.120537 -0.992709 0 2.68247e-07
1jff 249.163 -87.3848 21.5384 0.120537 0.992709 0 3.34069e-07
1jff 259.913 -67.366 59.6811 0.354605 0.935016 0 1.51406e-07
1jff 270.663 -31.9144 84.1515 0.568065 0.822984 0 1.20949e-07
1jff 281.413 10.8483 89.3438 0.748511 0.663123 0 9.56722e-08
1jff 292.163 51.1259 74.0686 0.885456 0.464723 0 8.37802e-08
1jff 302.913 79.6911 41.8251 0.970942 0.239316 0 6.80458e-08
1jff 260.87 90 0 1 0 0 0
1jff 271.62 79.691 -41.8251 0.970942 -0.239316 0 7.67356e-09
1jff 282.37 51.1258 -74.0686 0.885456 -0.464723 0 7.45058e-09
1jff 293.12 10.8483 -89.3438 0.748511 -0.663123 0 7.80416e-09
1jff 303.87 -31.9144 -84.1515 0.568065 -0.822984 0 1.90262e-08
1jff 314.62 -67.366 -59.681 0.354605 -0.935016 0 5.24167e-08
1jff 325.37 -87.3848 -21.5384 0.120537 -0.992709 0 2.68247e-07
1jff 336.12 -87.3848 21.5384 0.120537 0.992709 0 3.34069e-07
1jff 346.87 -67.366 59.6811 0.354605 0.935016 0 1.51406e-07
1jff 357.62 -31.9144 84.1515 0.568065 0.822984 0 1.20949e-07
1jff 368.37 10.8483 89.3438 0.748511 0.663123 0 9.56722e-08
1jff 379.12 51.1259 74.0686 0.885456 0.464723 0 8.37802e-08
1jff 389.87 79.6911 41.8251 0.970942 0.239316 0 6.80458e-08
1jff 347.826 90 0 1 0 0 0
1jff 358.576 79.691 -41.8251 0.970942 -0.239316 0 7.67356e-09
1jff 369.326 51.1258 -74.0686 0.885456 -0.464723 0 7.45058e-09
1jff 380.076 10.8483 -89.3438 0.748511 -0.663123 0 7.80416e-09
1jff 390.826 -31.9144 -84.1515 0.568065 -0.822984 0 1.90262e-08
1jff 401.576 -67.366 -59.681 0.354605 -0.935016 0 5.24167e-08
1jff 412.326 -87.3848 -21.5384 0.120537 -0.992709 0 2.68247e-07
1jff 423.076 -87.3848 21.5384 0.120537 0.992709 0 3.34069e-07
1jff 433.826 -67.366 59.6811 0.354605 0.935016 0 1.51406e-07
1jff 444.576 -31.9144 84.1515 0.568065 0.822984 0 1.20949e-07
1jff 455.326 10.8483 89.3438 0.748511 0.663123 0 9.56722e-08
1jff 466.076 51.1259 74.0686 0.885456 0.464723 0 8.37802e-08
1jff 476.826 79.6911 41.8251 0.970942 0.239316 0 6.80458e-08
1jff 434.783 90 0 1 0 0 0
1jff 445.533 79.691 -41.8251 0.970942 -0.239316 0 7.67356e-09
1jff 456.283 51.1258 -74.0686 0.885456 -0.464723 0 7.45058e-09
1jff 467.033 10.8483 -89.3438 0.748511 -0.663123 0 7.80416e-09
1jff 477.783 -31.9144 -84.1515 0.568065 -0.822984 0 1.90262e-08
1jff 488.533 -67.366 -59.681 0.354605 -0.935016 0 5.24167e-08
1jff 499.283 -87.3848 -21.5384 0.120537 -0.992709 0 2.68247e-07
1jff 510.033 -87.3848 21.5384 0.120537 0.992709 0 3.34069e-07
1jff 520.783 -67.366 59.6811 0.354605 0.935016 0 1.51406e-07
1jff 531.533 -31.9144 84.1515 0.568065 0.822984 0 1.20949e-07
1jff 542.283 10.8483 89.3438 0.748511 0.663123 0 9.56722e-08
1jff 553.033 51.1259 74.0686 0.885456 0.464723 0 8.37802e-08
1jff 563.783 79.6911 41.8251 0.970942 0.239316 0 6.80458e-08
1jff 521.739 90 0 1 0 0 0
1jff 532.489 79.691 -41.8251 0.970942 -0.239316 0 7.67356e-09
1jff 543.239 51.1258 -74.0686 0.885456 -0.464723 0 7.45058e-09
1jff 553.989 10.8483 -89.3438 0.748511 -0.663123 0 7.80416e-09
1jff 564.739 -31.9144 -84.1515 0.568065 -0.822984 0 1.90262e-08
1jff 575.489 -67.366 -59.681 0.354605 -0.935016 0 5.24167e-08
1jff 586.239 -87.3848 -21.5384 0.120537 -0.992709 0 2.68247e-07
1jff 596.989 -87.3848 21.5384 0.120537 0.992709 0 3.34069e-07
1jff 607.739 -67.366 59.6811 0.354605 0.935016 0 1.51406e-07
1jff 618.489 -31.9144 84.1515 0.568065 0.822984 0 1.20949e-07
1jff 629.239 10.8483 89.3438 0.748511 0.663123 0 9.56722e-08
1jff 639.989 51.1259 74.0686 0.885456 0.464723 0 8.37802e-08
1jff 650.739 79.6911 41.8251 0.970942 0.239316 0 6.80458e-08
1jff 608.696 90 0 1 0 0 0
1jff 619.446 79.691 -41.8251 0.970942 -0.239316 0 7.67356e-09
1jff 630.196 51.1258 -74.0686 0.885456 -0.464723 0 7.45058e-09
1jff 640.946 10.8483 -89.3438 0.748511 -0.663123 0 7.80416e-09
1jff 651.696 -31.9144 -84.1515 0.568065 -0.822984 0 1.90262e-08
1jff 662.446 -67.366 -59.681 0.354605 -0.935016 0 5.24167e-08
1jff 673.196 -87.3848 -21.5384 0.120537 -0.992709 0 2.68247e-07
1jff 683.946 -87.3848 21.5384 0.120537 0.992709 0 3.34069e-07
1jff 694.696 -67.366 59.6811 0.354605 0.935016 0 1.51406e-07
1jff 705.446 -31.9144 84.1515 0.568065 0.822984 0 1.20949e-07
1jff 716.196 10.8483 89.3438 0.748511 0.663123 0 9.56722e-08
1jff 726.946 51.1259 74.0686 0.885456 0.464723 0 8.37802e-08
1jff 737.696 79.6911 41.8251 0.970942 0.239316 0 6.80458e-08
1jff 695.652 90 0 1 0 0 0
1jff 706.402 79.691 -41.8251 0.970942 -0.239316 0 7.67356e-09
1jff 717.152 51.1258 -74.0686 0.885456 -0.464723 0 7.45058e-09
1jff 727.902 10.8483 -89.3438 0.748511 -0.663123 0 7.80416e-09
1jff 738.652 -31.9144 -84.1515 0.568065 -0.822984 0 1.90262e-08
1jff 749.402 -67.366 -59.681 0.354605 -0.935016 0 5.24167e-08
1jff 760.152 -87.3848 -21.5384 0.120537 -0.992709 0 2.68247e-07
1jff 770.902 -87.3848 21.5384 0.120537 0.992709 0 3.34069e-07
1jff 781.652 -67.366 59.6811 0.354605 0.935016 0 1.51406e-07
1jff 792.402 -31.9144 84.1515 0.568065 0.822984 0 1.20949e-07
1jff 803.152 10.8483 89.3438 0.748511 0.663123 0 9.56722e-08
1jff 813.902 51.1259 74.0686 0.885456 0.464723 0 8.37802e-08
1jff 824.652 79.6911 41.8251 0.970942 0.239316 0 6.80458e-08
1jff 782.609 90 0 1 0 0 0
1jff 793.359 79.691 -41.8251 0.970942 -0.239316 0 7.67356e-09
1jff 804.109 51.1258 -74.0686 0.885456 -0.464723 0 7.45058e-09
1jff 814.859 10.8483 -89.3438 0.748511 -0.663123 0 7.80416e-09
1jff 825.609 -31.9144 -84.1515 0.568065 -0.822984 0 1.90262e-08
1jff 836.359 -67.366 -59.681 0.354605 -0.935016 0 5.24167e-08
1jff 847.109 -87.3848 -21.5384 0.120537 -0.992709 0 2.68247e-07
1jff 857.859 -87.3848 21.5384 0.120537 0.992709 0 3.34069e-07
1jff 868.609 -67.366 59.6811 0.354605 0.935016 0 1.51406e-07
1jff 879.359 -31.9144 84.1515 0.568065 0.822984 0 1.20949e-07
1jff 890.109 10.8483 89.3438 0.748511 0.663123 0 9.56722e-08
1jff 900.859 51.1259 74.0686 0.885456 0.464723 0 8.37802e-08
1jff 911.609 79.6911 41.8251 0.970942 0.239316 0 6.80458e-08
1jff 869.565 90 0 1 0 0 0
1jff 880.315 79.691 -41.8251 0.970942 -0.239316 0 7.67356e-09
1jff 891.065 51.1258 -74.0686 0.885456 -0.464723 0 7.45058e-09
1jff 901.815 10.8483 -89.3438 0.748511 -0.663123 0 7.80416e-09
1jff 912.565 -31.9144 -84.1515 0.568065 -0.822984 0 1.90262e-08
1jff 923.315 -67.366 -59.681 0.354605 -0.935016 0 5.24167e-08
1jff 934.065 -87.3848 -21.5384 0.120537 -0.992709 0 2.68247e-07
1jff 944.815 -87.3848 21.5384 0.120537 0.992709 0 3.34069e-07
1jff 955.565 -67.366 59.6811 0.354605 0.935016 0 1.51406e-07
1jff 966.315 -31.9144 84.1515 0.568065 0.822984 0 1.20949e-07
1jff 977.065 10.8483 89.3438 0.748511 0.663123 0 9.56722e-08
1jff 987.815 51.1259 74.0686 0.885456 0.464723 0 8.37802e-08
1jff 998.565 79.6911 41.8251 0.970942 0.239316 0 6.80458e-08
1jff 956.522 90 0 1 0 0 0
1jff 967.272 79.691 -41.8251 0.970942 -0.239316 0 7.67356e-09
1jff 978.022 51.1258 -74.0686 0.885456 -0.464723 0 7.45058e-09
1jff 988.772 10.8483 -89.3438 0.748511 -0.663123 0 7.80416e-09
1jff 999.522 -31.9144 -84.1515 0.568065 -0.822984 0 1.90262e-08
1jff 1010.27 -67.366 -59.681 0.354605 -0.935016 0 5.24167e-08
1jff 1021.02 -87.3848 -21.5384 0.120537 -0.992709 0 2.68247e-07
1jff 1031.77 -87.3848 21.5384 0.120537 0.992709 0 3.34069e-07
1jff 1042.52 -67.366 59.6811 0.354605 0.935016 0 1.51406e-07
1jff 1053.27 -31.9144 84.1515 0.568065 0.822984 0 1.20949e-07
1jff 1064.02 10.8483 89.3438 0.748511 0.663123 0 9.56722e-08
1jff 1074.77 51.1259 74.0686 0.885456 0.464723 0 8.37802e-08
1jff 1085.52 79.6911 41.8251 0.970942 0.239316 0 6.80458e-08
1jff 1043.48 90 0 1 0 0 0
1jff 1054.23 79.691 -41.8251 0.970942 -0.239316 0 7.67356e-09
1jff 1064.98 51.1258 -74.0686 0.885456 -0.464723 0 7.45058e-09
1jff 1075.73 10.8483 -89.3438 0.748511 -0.663123 0 7.80416e-09
1jff 1086.48 -31.9144 -84.1515 0.568065 -0.822984 0 1.90262e-08
1jff 1097.23 -67.366 -59.681 0.354605 -0.935016 0 5.24167e-08
1jff 1107.98 -87.3848 -21.5384 0.120537 -0.992709 0 2.68247e-07
1jff 1118.73 -87.3848 21.5384 0.120537 0.992709 0 3.34069e-07
1jff 1129.48 -67.366 59.6811 0.354605 0.935016 0 1.51406e-07
1jff 1140.23 -31.9144 84.1515 0.568065 0.822984 0 1.20949e-07
1jff 1150.98 10.8483 89.3438 0.748511 0.663123 0 9.56722e-08
1jff 1161.73 51.1259 74.0686 0.885456 0.464723 0 8.37802e-08
1jff 1172.48 79.6911 41.8251 0.970942 0.239316 0 6.80458e-08
1jff 1130.43 90 0 1 0 0 0
1jff 1141.18 79.691 -41.8251 0.970942 -0.239316 0 7.67356e-09
1jff 1151.93 51.1258 -74.0686 0.885456 -0.464723 0 7.45058e-09
1jff 1162.68 10.8483 -89.3438 0.748511 -0.663123 0 7.80416e-09
1jff 1173.43 -31.9144 -84.1515 0.568065 -0.822984 0 1.90262e-08
1jff 1184.18 -67.366 -59.681 0.354605 -0.935016 0 5.24167e-08
1jff 1194.93 -87.3848 -21.5384 0.120537 -0.992709 0 2.68247e-07
1jff 1205.68 -87.3848 21.5384 0.120537 0.992709 0 3.34069e-07
1jff 1216.43 -67.366 59.6811 0.354605 0.935016 0 1.51406e-07
1jff 1227.18 -31.9144 84.1515 0.568065 0.822984 0 1.20949e-07
1jff 1237.93 10.8483 89.3438 0.748511 0.663123 0 9.56722e-08
1jff 1248.68 51.1259 74.0686 0.885456 0.464723 0 8.37802e-08
1jff 1259.43 79.6911 41.8251 0.970942 0.239316 0 6.80458e-08
1jff 1217.39 90 0 1 0 0 0
1jff 1228.14 79.691 -41.8251 0.970942 -0.239316 0 7.67356e-09
1jff 1238.89 51.1258 -74.0686 0.885456 -0.464723 0 7.45058e-09
1jff 1249.64 10.8483 -89.3438 0.748511 -0.663123 0 7.80416e-09
1jff 1260.39 -31.9144 -84.1515 0.568065 -0.822984 0 1.90262e-08
1jff 1271.14 -67.366 -59.681 0.354605 -0.935016 0 5.24167e-08
1jff 1281.89 -87.3848 -21.5384 0.120537 -0.992709 0 2.68247e-07
1jff 1292.64 -87.3848 21.5384 0.120537 0.992709 0 3.34069e-07
1jff 1303.39 -67.366 59.6811 0.354605 0.935016 0 1.51406e-07
1jff 1314.14 -31.9144 84.1515 0.568065 0.822984 0 1.20949e-07
1jff 1324.89 10.8483 89.3438 0.748511 0.663123 0 9.56722e-08
1jff 1335.64 51.1259 74.0686 0.885456 0.464723 0 8.37802e-08
1jff 1346.39 79.6911 41.8251 0.970942 0.239316 0 6.80458e-08
1jff 1304.35 90 0 1 0 0 0
1jff 1315.1 79.691 -41.8251 0.970942 -0.239316 0 7.67356e-09
1jff 1325.85 51.1258 -74.0686 0.885456 -0.464723 0 7.45058e-09
1jff 1336.6 10.8483 -89.3438 0.748511 -0.663123 0 7.80416e-09
1jff 1347.35 -31.9144 -84.1515 0.568065 -0.822984 0 1.90262e-08
1jff 1358.1 -67.366 -59.681 0.354605 -0.935016 0 5.24167e-08
1jff 1368.85 -87.3848 -21.5384 0.120537 -0.992709 0 2.68247e-07
1jff 1379.6 -87.3848 21.5384 0.120537 0.992709 0 3.34069e-07
1jff 1390.35 -67.366 59.6811 0.354605 0.935016 0 1.51406e-07
1jff 1401.1 -31.9144 84.1515 0.568065 0.822984 0 1.20949e-07
1jff 1411.85 10.8483 89.3438 0.748511 0.663123 0 9.56722e-08
1jff 1422.6 51.1259 74.0686 0.885456 0.464723 0 8.37802e-08
1jff 1433.35 79.6911 41.8251 0.970942 0.239316 0 6.80458e-08
1jff 1391.3 90 0 1 0 0 0
1jff 1402.05 79.691 -41.8251 0.970942 -0.239316 0 7.67356e-09
1jff 1412.8 51.1258 -74.0686 0.885456 -0.464723 0 7.45058e-09
1jff 1423.55 10.8483 -89.3438 0.748511 -0.663123 0 7.80416e-09
1jff 1434.3 -31.9144 -84.1515 0.568065 -0.822984 0 1.90262e-08
1jff 1445.05 -67.366 -59.681 0.354605 -0.935016 0 5.24167e-08
1jff 1455.8 -87.3848 -21.5384 0.120537 -0.992709 0 2.68247e-07
1jff 1466.55 -87.3848 21.5384 0.120537 0.992709 0 3.34069e-07
1jff 1477.3 -67.366 59.6811 0.354605 0.935016 0 1.51406e-07
1jff 1488.05 -31.9144 84.1515 0.568065 0.822984 0 1.20949e-07
1jff 1498.8 10.8483 89.3438 0.748511 0.663123 0 9.56722e-08
1jff 1509.55 51.1259 74.0686 0.885456 0.464723 0 8.37802e-08
1jff 1520.3 79.6911 41.8251 0.970942 0.239316 0 6.80458e-08
1jff 1478.26 90 0 1 0 0 0
1jff 1489.01 79.691 -41.8251 0.970942 -0.239316 0 7.67356e-09
1jff 1499.76 51.1258 -74.0686 0.885456 -0.464723 0 7.45058e-09
1jff 1510.51 10.8483 -89.3438 0.748511 -0.663123 0 7.80416e-09
1jff 1521.26 -31.9144 -84.1515 0.568065 -0.822984 0 1.90262e-08
1jff 1532.01 -67.366 -59.681 0.354605 -0.935016 0 5.24167e-08
1jff 1542.76 -87.3848 -21.5384 0.120537 -0.992709 0 2.68247e-07
1jff 1553.51 -87.3848 21.5384 0.120537 0.992709 0 3.34069e-07
1jff 1564.26 -67.366 59.6811 0.354605 0.935016 0 1.51406e-07
1jff 1575.01 -31.9144 84.1515 0.568065 0.822984 0 1.20949e-07
1jff 1585.76 10.8483 89.3438 0.748511 0.663123 0 9.56722e-08
1jff 1596.51 51.1259 74.0686 0.885456 0.464723 0 8.37802e-08
1jff 1607.26 79.6911 41.8251 0.970942 0.239316 0 6.80458e-08
1jff 1565.22 90 0 1 0 0 0
1jff 1575.97 79.691 -41.8251 0.970942 -0.239316 0 7.67356e-09
1jff 1586.72 51.1258 -74.0686 0.885456 -0.464723 0 7.45058e-09
1jff 1597.47 10.8483 -89.3438 0.748511 -0.663123 0 7.80416e-09
1jff 1608.22 -31.9144 -84.1515 0.568065 -0.822984 0 1.90262e-08
1jff 1618.97 -67.366 -59.681 0.354605 -0.935016 0 5.24167e-08
1jff 1629.72 -87.3848 -21.5384 0.120537 -0.992709 0 2.68247e-07
1jff 1640.47 -87.3848 21.5384 0.120537 0.992709 0 3.34069e-07
1jff 1651.22 -67.366 59.6811 0.354605 0.935016 0 1.51406e-07
1jff 1661.97 -31.9144 84.1515 0.568065 0.822984 0 1.20949e-07
1jff 1672.72 10.8483 89.3438 0.748511 0.663123 0 9.56722e-08
1jff 1683.47 51.1259 74.0686 0.885456 0.464723 0 8.37802e-08
1jff 1694.22 79.6911 41.8251 0.970942 0.239316 0 6.80458e-08
1jff 1652.17 90 0 1 0 0 0
1jff 1662.92 79.691 -41.8251 0.970942 -0.239316 0 7.67356e-09
1jff 1673.67 51.1258 -74.0686 0.885456 -0.464723 0 7.45058e-09
1jff 1684.42 10.8483 -89.3438 0.748511 -0.663123 0 7.80416e-09
1jff 1695.17 -31.9144 -84.1515 0.568065 -0.822984 0 1.90262e-08
1jff 1705.92 -67.366 -59.681 0.354605 -0.935016 0 5.24167e-08
1jff 1716.67 -87.3848 -21.5384 0.120537 -0.992709 0 2.68247e-07
1jff 1727.42 -87.3848 21.5384 0.120537 0.992709 0 3.34069e-07
1jff 1738.17 -67.366 59.6811 0.354605 0.935016 0 1.51406e-07
1jff 1748.92 -31.9144 84.1515 0.568065 0.822984 0 1.20949e-07
1jff 1759.67 10.8483 89.3438 0.748511 0.663123 0 9.56722e-08
1jff 1770.42 51.1259 74.0686 0.885456 0.464723 0 8.37802e-08
1jff 1781.17 79.6911 41.8251 0.970942 0.239316 0 6.80458e-08
1jff 1739.13 90 0 1 0 0 0
1jff 1749.88 79.691 -41.8251 0.970942 -0.239316 0 7.67356e-09
1jff 1760.63 51.1258 -74.0686 0.885456 -0.464723 0 7.45058e-09
1jff 1771.38 10.8483 -89.3438 0.748511 -0.663123 0 7.80416e-09
1jff 1782.13 -31.9144 -84.1515 0.568065 -0.822984 0 1.90262e-08
1jff 1792.88 -67.366 -59.681 0.354605 -0.935016 0 5.24167e-08
1jff 1803.63 -87.3848 -21.5384 0.120537 -0.992709 0 2.68247e-07
1jff 1814.38 -87.3848 21.5384 0.120537 0.992709 0 3.34069e-07
1jff 1825.13 -67.366 59.6811 0.354605 0.935016 0 1.51406e-07
1jff 1835.88 -31.9144 84.1515 0.568065 0.822984 0 1.20949e-07
1jff 1846.63 10.8483 89.3438 0.748511 0.663123 0 9.56722e-08
1jff 1857.38 51.1259 74.0686 0.885456 0.464723 0 8.37802e-08
1jff 1868.13 79.6911 41.8251 0.970942 0.239316 0 6.80458e-08
1jff 1826.09 90 0 1 0 0 0
1jff 1836.84 79.691 -41.8251 0.970942 -0.239316 0 7.67356e-09
1jff 1847.59 51.1258 -74.0686 0.885456 -0.464723 0 7.45058e-09
1jff 1858.34 10.8483 -89.3438 0.748511 -0.663123 0 7.80416e-09
1jff 1869.09 -31.9144 -84.1515 0.568065 -0.822984 0 1.90262e-08
1jff 1879.84 -67.366 -59.681 0.354605 -0.935016 0 5.24167e-08
1jff 1890.59 -87.3848 -21.5384 0.120537 -0.992709 0 2.68247e-07
1jff 1901.34 -87.3848 21.5384 0.120537 0.992709 0 3.34069e-07
1jff 1912.09 -67.366 59.6811 0.354605 0.935016 0 1.51406e-07
1jff 1922.84 -31.9144 84.1515 0.568065 0.822984 0 1.20949e-07
1jff 1933.59 10.8483 89.3438 0.748511 0.663123 0 9.56722e-08
1jff 1944.34 51.1259 74.0686 0.885456 0.464723 0 8.37802e-08
1jff 1955.09 79.6911 41.8251 0.970942 0.239316 0 6.80458e-08
1jff 1913.04 90 0 1 0 0 0
1jff 1923.79 79.691 -41.8251 0.970942 -0.239316 0 7.67356e-09
1jff 1934.54 51.1258 -74.0686 0.885456 -0.464723 0 7.45058e-09
1jff 1945.29 10.8483 -89.3438 0.748511 -0.663123 0 7.80416e-09
1jff 1956.04 -31.9144 -84.1515 0.568065 -0.822984 0 1.90262e-08
1jff 1966.79 -67.366 -59.681 0.354605 -0.935016 0 5.24167e-08
1jff 1977.54 -87.3848 -21.5384 0.120537 -0.992709 0 2.68247e-07
1jff 1988.29 -87.3848 21.5384 0.120537 0.992709 0 3.34069e-07
1jff 1999.04 -67.366 59.6811 0.354605 0.935016 0 1.51406e-07
1jff 2009.79 -31.9144 84.1515 0.568065 0.822984 0 1.20949e-07
1jff 2020.54 10.8483 89.3438 0.748511 0.663123 0 9.56722e-08
1jff 2031.29 51.1259 74.0686 0.885456 0.464723 0 8.37802e-08
1jff 2042.04 79.6911 41.8251 0.970942 0.239316 0 6.80458e-08
1jff 2000 90 0 1 0 0 0
1jff 2010.75 79.691 -41.8251 0.970942 -0.239316 0 7.67356e-09
1jff 2021.5 51.1258 -74.0686 0.885456 -0.464723 0 7.45058e-09
1jff 2032.25 10.8483 -89.3438 0.748511 -0.663123 0 7.80416e-09
1jff 2043 -31.9144 -84.1515 0.568065 -0.822984 0 1.90262e-08
1jff 2053.75 -67.366 -59.681 0.354605 -0.935016 0 5.24167e-08
1jff 2064.5 -87.3848 -21.5384 0.120537 -0.992709 0 2.68247e-07
1jff 2075.25 -87.3848 21.5384 0.120537 0.992709 0 3.34069e-07
1jff 2086 -67.366 59.6811 0.354605 0.935016 0 1.51406e-07
1jff 2096.75 -31.9144 84.1515 0.568065 0.822984 0 1.20949e-07
1jff 2107.5 10.8483 89.3438 0.748511 0.663123 0 9.56722e-08
1jff 2118.25 51.1259 74.0686 0.885456 0.464723 0 8.37802e-08
1jff 2129 79.6911 41.8251 0.970942 0.239316 0 6.80458e-08
1jff 2086.96 90 0 1 0 0 0
1jff 2097.71 79.691 -41.8251 0.970942 -0.239316 0 7.67356e-09
1jff 2108.46 51.1258 -74.0686 0.885456 -0.464723 0 7.45058e-09
1jff 2119.21 10.8483 -89.3438 0.748511 -0.663123 0 7.80416e-09
1jff 2129.96 -31.9144 -84.1515 0.568065 -0.822984 0 1.90262e-08
1jff 2140.71 -67.366 -59.681 0.354605 -0.935016 0 5.24167e-08
1jff 2151.46 -87.3848 -21.5384 0.120537 -0.992709 0 2.68247e-07
1jff 2162.21 -87.3848 21.5384 0.120537 0.992709 0 3.34069e-07
1jff 2172.96 -67.366 59.6811 0.354605 0.935016 0 1.51406e-07
1jff 2183.71 -31.9144 84.1515 0.568065 0.822984 0 1.20949e-07
1jff 2194.46 10.8483 89.3438 0.748511 0.663123 0 9.56722e-08
1jff 2205.21 51.1259 74.0686 0.885456 0.464723 0 8.37802e-08
1jff 2215.96 79.6911 41.8251 0.970942 0.239316 0 6.80458e-08
1jff 2173.91 90 0 1 0 0 0
1jff 2184.66 79.691 -41.8251 0.970942 -0.239316 0 7.67356e-09
1jff 2195.41 51.1258 -74.0686 0.885456 -0.464723 0 7.45058e-09
1jff 2206.16 10.8483 -89.3438 0.748511 -0.663123 0 7.80416e-09
1jff 2216.91 -31.9144 -84.1515 0.568065 -0.822984 0 1.90262e-08
1jff 2227.66 -67.366 -59.681 0.354605 -0.935016 0 5.24167e-08
1jff 2238.41 -87.3848 -21.5384 0.120537 -0.992709 0 2.68247e-07
1jff 2249.16 -87.3848 21.5384 0.120537 0.992709 0 3.34069e-07
1jff 2259.91 -67.366 59.6811 0.354605 0.935016 0 1.51406e-07
1jff 2270.66 -31.9144 84.1515 0.568065 0.822984 0 1.20949e-07
1jff 2281.41 10.8483 89.3438 0.748511 0.663123 0 9.56722e-08
1jff 2292.16 51.1259 74.0686 0.885456 0.464723 0 8.37802e-08
1jff 2302.91 79.6911 41.8251 0.970942 0.239316 0 6.80458e-08
1jff 2260.87 90 0 1 0 0 0
1jff 2271.62 79.691 -41.8251 0.970942 -0.239316 0 7.67356e-09
1jff 2282.37 51.1258 -74.0686 0.885456 -0.464723 0 7.45058e-09
1jff 2293.12 10.8483 -89.3438 0.748511 -0.663123 0 7.80416e-09
1jff 2303.87 -31.9144 -84.1515 0.568065 -0.822984 0 1.90262e-08
1jff 2314.62 -67.366 -59.681 0.354605 -0.935016 0 5.24167e-08
1jff 2325.37 -87.3848 -21.5384 0.120537 -0.992709 0 2.68247e-07
1jff 2336.12 -87.3848 21.5384 0.120537 0.992709 0 3.34069e-07
1jff 2346.87 -67.366 59.6811 0.354605 0.935016 0 1.51406e-07
1jff 2357.62 -31.9144 84.1515 0.568065 0.822984 0 1.20949e-07
1jff 2368.37 10.8483 89.3438 0.748511 0.663123 0 9.56722e-08
1jff 2379.12 51.1259 74.0686 0.885456 0.464723 0 8.37802e-08
1jff 2389.87 79.6911 41.8251 0.970942 0.239316 0 6.80458e-08
1jff 2347.83 90 0 1 0 0 0
1jff 2358.58 79.691 -41.8251 0.970942 -0.239316 0 7.67356e-09
1jff 2369.33 51.1258 -74.0686 0.885456 -0.464723 0 7.45058e-09
1jff 2380.08 10.8483 -89.3438 0.748511 -0.663123 0 7.80416e-09
1jff 2390.83 -31.9144 -84.1515 0.568065 -0.822984 0 1.90262e-08
1jff 2401.58 -67.366 -59.681 0.354605 -0.935016 0 5.24167e-08
1jff 2412.33 -87.3848 -21.5384 0.120537 -0.992709 0 2.68247e-07
1jff 2423.08 -87.3848 21.5384 0.120537 0.992709 0 3.34069e-07
1jff 2433.83 -67.366 59.6811 0.354605 0.935016 0 1.51406e-07
1jff 2444.58 -31.9144 84.1515 0.568065 0.822984 0 1.20949e-07
1jff 2455.33 10.8483 89.3438 0.748511 0.663123 0 9.56722e-08
1jff 2466.08 51.1259 74.0686 0.885456 0.464723 0 8.37802e-08
1jff 2476.83 79.6911 41.8251 0.970942 0.239316 0 6.80458e-08
1jff 2434.78 90 0 1 0 0 0
1jff 2445.53 79.691 -41.8251 0.970942 -0.239316 0 7.67356e-09
1jff 2456.28 51.1258 -74.0686 0.885456 -0.464723 0 7.45058e-09
1jff 2467.03 10.8483 -89.3438 0.748511 -0.663123 0 7.80416e-09
1jff 2477.78 -31.9144 -84.1515 0.568065 -0.822984 0 1.90262e-08
1jff 2488.53 -67.366 -59.681 0.354605 -0.935016 0 5.24167e-08
1jff 2499.28 -87.3848 -21.5384 0.120537 -0.992709 0 2.68247e-07
1jff 2510.03 -87.3848 21.5384 0.120537 0.992709 0 3.34069e-07
1jff 2520.78 -67.366 59.6811 0.354605 0.935016 0 1.51406e-07
1jff 2531.53 -31.9144 84.1515 0.568065 0.822984 0 1.20949e-07
1jff 2542.28 10.8483 89.3438 0.748511 0.663123 0 9.56722e-08
1jff 2553.03 51.1259 74.0686 0.885456 0.464723 0 8.37802e-08
1jff 2563.78 79.6911 41.8251 0.970942 0.239316 0 6.80458e-08
1jff 2521.74 90 0 1 0 0 0
1jff 2532.49 79.691 -41.8251 0.970942 -0.239316 0 7.67356e-09
1jff 2543.24 51.1258 -74.0686 0.885456 -0.464723 0 7.45058e-09
1jff 2553.99 10.8483 -89.3438 0.748511 -0.663123 0 7.80416e-09
1jff 2564.74 -31.9144 -84.1515 0.568065 -0.822984 0 1.90262e-08
1jff 2575.49 -67.366 -59.681 0.354605 -0.935016 0 5.24167e-08
1jff 2586.24 -87.3848 -21.5384 0.120537 -0.992709 0 2.68247e-07
1jff 2596.99 -87.3848 21.5384 0.120537 0.992709 0 3.34069e-07
1jff 2607.74 -67.366 59.6811 0.354605 0.935016 0 1.51406e-07
1jff 2618.49 -31.9144 84.1515 0.568065 0.822984 0 1.20949e-07
1jff 2629.24 10.8483 89.3438 0.748511 0.663123 0 9.56722e-08
1jff 2639.99 51.1259 74.0686 0.885456 0.464723 0 8.37802e-08
1jff 2650.74 79.6911 41.8251 0.970942 0.239316 0 6.80458e-08
1jff 2608.7 90 0 1 0 0 0
1jff 2619.45 79.691 -41.8251 0.970942 -0.239316 0 7.67356e-09
1jff 2630.2 51.1258 -74.0686 0.885456 -0.464723 0 7.45058e-09
1jff 2640.95 10.8483 -89.3438 0.748511 -0.663123 0 7.80416e-09
1jff 2651.7 -31.9144 -84.1515 0.568065 -0.822984 0 1.90262e-08
1jff 2662.45 -67.366 -59.681 0.354605 -0.935016 0 5.24167e-08
1jff 2673.2 -87.3848 -21.5384 0.120537 -0.992709 0 2.68247e-07
1jff 2683.95 -87.3848 21.5384 0.120537 0.992709 0 3.34069e-07
1jff 2694.7 -67.366 59.6811 0.354605 0.935016 0 1.51406e-07
1jff 2705.45 -31.9144 84.1515 0.568065 0.822984 0 1.20949e-07
1jff 2716.2 10.8483 89.3438 0.748511 0.663123 0 9.56722e-08
1jff 2726.95 51.1259 74.0686 0.885456 0.464723 0 8.37802e-08
1jff 2737.7 79.6911 41.8251 0.970942 0.239316 0 6.80458e-08
1jff 2695.65 90 0 1 0 0 0
1jff 2706.4 79.691 -41.8251 0.970942 -0.239316 0 7.67356e-09
1jff 2717.15 51.1258 -74.0686 0.885456 -0.464723 0 7.45058e-09
1jff 2727.9 10.8483 -89.3438 0.748511 -0.663123 0 7.80416e-09
1jff 2738.65 -31.9144 -84.1515 0.568065 -0.822984 0 1.90262e-08
1jff 2749.4 -67.366 -59.681 0.354605 -0.935016 0 5.24167e-08
1jff 2760.15 -87.3848 -21.5384 0.120537 -0.992709 0 2.68247e-07
1jff 2770.9 -87.3848 21.5384 0.120537 0.992709 0 3.34069e-07
1jff 2781.65 -67.366 59.6811 0.354605 0.935016 0 1.51406e-07
1jff 2792.4 -31.9144 84.1515 0.568065 0.822984 0 1.20949e-07
1jff 2803.15 10.8483 89.3438 0.748511 0.663123 0 9.56722e-08
1jff 2813.9 51.1259 74.0686 0.885456 0.464723 0 8.37802e-08
1jff 2824.65 79.6911 41.8251 0.970942 0.239316 0 6.80458e-08
1jff 2782.61 90 0 1 0 0 0
1jff 2793.36 79.691 -41.8251 0.970942 -0.239316 0 7.67356e-09
1jff 2804.11 51.1258 -74.0686 0.885456 -0.464723 0 7.45058e-09
1jff 2814.86 10.8483 -89.3438 0.748511 -0.663123 0 7.80416e-09
1jff 2825.61 -31.9144 -84.1515 0.568065 -0.822984 0 1.90262e-08
1jff 2836.36 -67.366 -59.681 0.354605 -0.935016 0 5.24167e-08
1jff 2847.11 -87.3848 -21.5384 0.120537 -0.992709 0 2.68247e-07
1jff 2857.86 -87.3848 21.5384 0.120537 0.992709 0 3.34069e-07
1jff 2868.61 -67.366 59.6811 0.354605 0.935016 0 1.51406e-07
1jff 2879.36 -31.9144 84.1515 0.568065 0.822984 0 1.20949e-07
1jff 2890.11 10.8483 89.3438 0.748511 0.663123 0 9.56722e-08
1jff 2900.86 51.1259 74.0686 0.885456 0.464723 0 8.37802e-08
1jff 2911.61 79.6911 41.8251 0.970942 0.239316 0 6.80458e-08
1jff 2869.57 90 0 1 0 0 0
1jff 2880.32 79.691 -41.8251 0.970942 -0.239316 0 7.67356e-09
1jff 2891.07 51.1258 -74.0686 0.885456 -0.464723 0 7.45058e-09
1jff 2901.81 10.8483 -89.3438 0.748511 -0.663123 0 7.80416e-09
1jff 2912.57 -31.9144 -84.1515 0.568065 -0.822984 0 1.90262e-08
1jff 2923.32 -67.366 -59.681 0.354605 -0.935016 0 5.24167e-08
1jff 2934.07 -87.3848 -21.5384 0.120537 -0.992709 0 2.68247e-07
1jff 2944.81 -87.3848 21.5384 0.120537 0.992709 0 3.34069e-07
1jff 2955.57 -67.366 59.6811 0.354605 0.935016 0 1.51406e-07
1jff 2966.32 -31.9144 84.1515 0.568065 0.822984 0 1.20949e-07
1jff 2977.07 10.8483 89.3438 0.748511 0.663123 0 9.56722e-08
1jff 2987.82 51.1259 74.0686 0.885456 0.464723 0 8.37802e-08
1jff 2998.56 79.6911 41.8251 0.970942 0.239316 0 6.80458e-08
1jff 2956.52 90 0 1 0 0 0
1jff 2967.27 79.691 -41.8251 0.970942 -0.239316 0 7.67356e-09
1jff 2978.02 51.1258 -74.0686 0.885456 -0.464723 0 7.45058e-09
1jff 2988.77 10.8483 -89.3438 0.748511 -0.663123 0 7.80416e-09
1jff 2999.52 -31.9144 -84.1515 0.568065 -0.822984 0 1.90262e-08
1jff 3010.27 -67.366 -59.681 0.354605 -0.935016 0 5.24167e-08
1jff 3021.02 -87.3848 -21.5384 0.120537 -0.992709 0 2.68247e-07
1jff 3031.77 -87.3848 21.5384 0.120537 0.992709 0 3.34069e-07
1jff 3042.52 -67.366 59.6811 0.354605 0.935016 0 1.51406e-07
1jff 3053.27 -31.9144 84.1515 0.568065 0.822984 0 1.20949e-07
1jff 3064.02 10.8483 89.3438 0.748511 0.663123 0 9.56722e-08
1jff 3074.77 51.1259 74.0686 0.885456 0.464723 0 8.37802e-08
1jff 3085.52 79.6911 41.8251 0.970942 0.239316 0 6.80458e-08
1jff 3043.48 90 0 1 0 0 0
1jff 3054.23 79.691 -41.8251 0.970942 -0.239316 0 7.67356e-09
1jff 3064.98 51.1258 -74.0686 0.885456 -0.464723 0 7.45058e-09
1jff 3075.73 10.8483 -89.3438 0.748511 -0.663123 0 7.80416e-09
1jff 3086.48 -31.9144 -84.1515 0.568065 -0.822984 0 1.90262e-08
1jff 3097.23 -67.366 -59.681 0.354605 -0.935016 0 5.24167e-08
1jff 3107.98 -87.3848 -21.5384 0.120537 -0.992709 0 2.68247e-07
1jff 3118.73 -87.3848 21.5384 0.120537 0.992709 0 3.34069e-07
1jff 3129.48 -67.366 59.6811 0.354605 0.935016 0 1.51406e-07
1jff 3140.23 -31.9144 84.1515 0.568065 0.822984 0 1.20949e-07
1jff 3150.98 10.8483 89.3438 0.748511 0.663123 0 9.56722e-08
1jff 3161.73 51.1259 74.0686 0.885456 0.464723 0 8.37802e-08
1jff 3172.48 79.6911 41.8251 0.970942 0.239316 0 6.80458e-08
1jff 3130.43 90 0 1 0 0 0
1jff 3141.18 79.691 -41.8251 0.970942 -0.239316 0 7.67356e-09
1jff 3151.93 51.1258 -74.0686 0.885456 -0.464723 0 7.45058e-09
1jff 3162.68 10.8483 -89.3438 0.748511 -0.663123 0 7.80416e-09
1jff 3173.43 -31.9144 -84.1515 0.568065 -0.822984 0 1.90262e-08
1jff 3184.18 -67.366 -59.681 0.354605 -0.935016 0 5.24167e-08
1jff 3194.93 -87.3848 -21.5384 0.120537 -0.992709 0 2.68247e-07
1jff 3205.68 -87.3848 21.5384 0.120537 0.992709 0 3.34069e-07
1jff 3216.43 -67.366 59.6811 0.354605 0.935016 0 1.51406e-07
1jff 3227.18 -31.9144 84.1515 0.568065 0.822984 0 1.20949e-07
1jff 3237.93 10.8483 89.3438 0.748511 0.663123 0 9.56722e-08
1jff 3248.68 51.1259 74.0686 0.885456 0.464723 0 8.37802e-08
1jff 3259.43 79.6911 41.8251 0.970942 0.239316 0 6.80458e-08
1jff 3217.39 90 0 1 0 0 0
1jff 3228.14 79.691 -41.8251 0.970942 -0.239316 0 7.67356e-09
1jff 3238.89 51.1258 -74.0686 0.885456 -0.464723 0 7.45058e-09
1jff 3249.64 10.8483 -89.3438 0.748511 -0.663123 0 7.80416e-09
1jff 3260.39 -31.9144 -84.1515 0.568065 -0.822984 0 1.90262e-08
1jff 3271.14 -67.366 -59.681 0.354605 -0.935016 0 5.24167e-08
1jff 3281.89 -87.3848 -21.5384 0.120537 -0.992709 0 2.68247e-07
1jff 3292.64 -87.3848 21.5384 0.120537 0.992709 0 3.34069e-07
1jff 3303.39 -67.366 59.6811 0.354605 0.935016 0 1.51406e-07
1jff 3314.14 -31.9144 84.1515 0.568065 0.822984 0 1.20949e-07
1jff 3324.89 10.8483 89.3438 0.748511 0.663123 0 9.56722e-08
1jff 3335.64 51.1259 74.0686 0.885456 0.464723 0 8.37802e-08
1jff 3346.39 79.6911 41.8251 0.970942 0.239316 0 6.80458e-08
1jff 3304.35 90 0 1 0 0 0
1jff 3315.1 79.691 -41.8251 0.970942 -0.239316 0 7.67356e-09
1jff 3325.85 51.1258 -74.0686 0.885456 -0.464723 0 7.45058e-09
1jff 3336.6 10.8483 -89.3438 0.748511 -0.663123 0 7.80416e-09
1jff 3347.35 -31.9144 -84.1515 0.568065 -0.822984 0 1.90262e-08
1jff 3358.1 -67.366 -59.681 0.354605 -0.935016 0 5.24167e-08
1jff 3368.85 -87.3848 -21.5384 0.120537 -0.992709 0 2.68247e-07
1jff 3379.6 -87.3848 21.5384 0.120537 0.992709 0 3.34069e-07
1jff 3390.35 -67.366 59.6811 0.354605 0.935016 0 1.51406e-07
1jff 3401.1 -31.9144 84.1515 0.568065 0.822984 0 1.20949e-07
1jff 3411.85 10.8483 89.3438 0.748511 0.663123 0 9.56722e-08
1jff 3422.6 51.1259 74.0686 0.885456 0.464723 0 8.37802e-08
1jff 3433.35 79.6911 41.8251 0.970942 0.239316 0 6.80458e-08
1jff 3391.3 90 0 1 0 0 0
1jff 3402.05 79.691 -41.8251 0.970942 -0.239316 0 7.67356e-09
1jff 3412.8 51.1258 -74.0686 0.885456 -0.464723 0 7.45058e-09
1jff 3423.55 10.8483 -89.3438 0.748511 -0.663123 0 7.80416e-09
1jff 3434.3 -31.9144 -84.1515 0.568065 -0.822984 0 1.90262e-08
1jff 3445.05 -67.366 -59.681 0.354605 -0.935016 0 5.24167e-08
1jff 3455.8 -87.3848 -21.5384 0.120537 -0.992709 0 2.68247e-07
1jff 3466.55 -87.3848 21.5384 0.120537 0.992709 0 3.34069e-07
1jff 3477.3 -67.366 59.6811 0.354605 0.935016 0 1.51406e-07
1jff 3488.05 -31.9144 84.1515 0.568065 0.822984 0 1.20949e-07
1jff 3498.8 10.8483 89.3438 0.748511 0.663123 0 9.56722e-08
1jff 3509.55 51.1259 74.0686 0.885456 0.464723 0 8.37802e-08
1jff 3520.3 79.6911 41.8251 0.970942 0.239316 0 6.80458e-08
1jff 3478.26 90 0 1 0 0 0
1jff 3489.01 79.691 -41.8251 0.970942 -0.239316 0 7.67356e-09
1jff 3499.76 51.1258 -74.0686 0.885456 -0.464723 0 7.45058e-09
1jff 3510.51 10.8483 -89.3438 0.748511 -0.663123 0 7.80416e-09
1jff 3521.26 -31.9144 -84.1515 0.568065 -0.822984 0 1.90262e-08
1jff 3532.01 -67.366 -59.681 0.354605 -0.935016 0 5.24167e-08
1jff 3542.76 -87.3848 -21.5384 0.120537 -0.992709 0 2.68247e-07
1jff 3553.51 -87.3848 21.5384 0.120537 0.992709 0 3.34069e-07
1jff 3564.26 -67.366 59.6811 0.354605 0.935016 0 1.51406e-07
1jff 3575.01 -31.9144 84.1515 0.568065 0.822984 0 1.20949e-07
1jff 3585.76 10.8483 89.3438 0.748511 0.663123 0 9.56722e-08
1jff 3596.51 51.1259 74.0686 0.885456 0.464723 0 8.37802e-08
1jff 3607.26 79.6911 41.8251 0.970942 0.239316 0 6.80458e-08
1jff 3565.22 90 0 1 0 0 0
1jff 3575.97 79.691 -41.8251 0.970942 -0.239316 0 7.67356e-09
1jff 3586.72 51.1258 -74.0686 0.885456 -0.464723 0 7.45058e-09
1jff 3597.47 10.8483 -89.3438 0.748511 -0.663123 0 7.80416e-09
1jff 3608.22 -31.9144 -84.1515 0.568065 -0.822984 0 1.90262e-08
1jff 3618.97 -67.366 -59.681 0.354605 -0.935016 0 5.24167e-08
1jff 3629.72 -87.3848 -21.5384 0.120537 -0.992709 0 2.68247e-07
1jff 3640.47 -87.3848 21.5384 0.120537 0.992709 0 3.34069e-07
1jff 3651.22 -67.366 59.6811 0.354605 0.935016 0 1.51406e-07
1jff 3661.97 -31.9144 84.1515 0.568065 0.822984 0 1.20949e-07
1jff 3672.72 10.8483 89.3438 0.748511 0.663123 0 9.56722e-08
1jff 3683.47 51.1259 74.0686 0.885456 0.464723 0 8.37802e-08
1jff 3694.22 79.6911 41.8251 0.970942 0.239316 0 6.80458e-08
1jff 3652.17 90 0 1 0 0 0
1jff 3662.92 79.691 -41.8251 0.970942 -0.239316 0 7.67356e-09
1jff 3673.67 51.1258 -74.0686 0.885456 -0.464723 0 7.45058e-09
1jff 3684.42 10.8483 -89.3438 0.748511 -0.663123 0 7.80416e-09
1jff 3695.17 -31.9144 -84.1515 0.568065 -0.822984 0 1.90262e-08
1jff 3705.92 -67.366 -59.681 0.354605 -0.935016 0 5.24167e-08
1jff 3716.67 -87.3848 -21.5384 0.120537 -0.992709 0 2.68247e-07
1jff 3727.42 -87.3848 21.5384 0.120537 0.992709 0 3.34069e-07
1jff 3738.17 -67.366 59.6811 0.354605 0.935016 0 1.51406e-07
1jff 3748.92 -31.9144 84.1515 0.568065 0.822984 0 1.20949e-07
1jff 3759.67 10.8483 89.3438 0.748511 0.663123 0 9.56722e-08
1jff 3770.42 51.1259 74.0686 0.885456 0.464723 0 8.37802e-08
1jff 3781.17 79.6911 41.8251 0.970942 0.239316 0 6.80458e-08
1jff 3739.13 90 0 1 0 0 0
1jff 3749.88 79.691 -41.8251 0.970942 -0.239316 0 7.67356e-09
1jff 3760.63 51.1258 -74.0686 0.885456 -0.464723 0 7.45058e-09
1jff 3771.38 10.8483 -89.3438 0.748511 -0.663123 0 7.80416e-09
1jff 3782.13 -31.9144 -84.1515 0.568065 -0.822984 0 1.90262e-08
1jff 3792.88 -67.366 -59.681 0.354605 -0.935016 0 5.24167e-08
1jff 3803.63 -87.3848 -21.5384 0.120537 -0.992709 0 2.68247e-07
1jff 3814.38 -87.3848 21.5384 0.120537 0.992709 0 3.34069e-07
1jff 3825.13 -67.366 59.6811 0.354605 0.935016 0 1.51406e-07
1jff 3835.88 -31.9144 84.1515 0.568065 0.822984 0 1.20949e-07
1jff 3846.63 10.8483 89.3438 0.748511 0.663123 0 9.56722e-08
1jff 3857.38 51.1259 74.0686 0.885456 0.464723 0 8.37802e-08
1jff 3868.13 79.6911 41.8251 0.970942 0.239316 0 6.80458e-08
1jff 3826.09 90 0 1 0 0 0
1jff 3836.84 79.691 -41.8251 0.970942 -0.239316 0 7.67356e-09
1jff 3847.59 51.1258 -74.0686 0.885456 -0.464723 0 7.45058e-09
1jff 3858.34 10.8483 -89.3438 0.748511 -0.663123 0 7.80416e-09
1jff 3869.09 -31.9144 -84.1515 0.568065 -0.822984 0 1.90262e-08
1jff 3879.84 -67.366 -59.681 0.354605 -0.935016 0 5.24167e-08
1jff 3890.59 -87.3848 -21.5384 0.120537 -0.992709 0 2.68247e-07
1jff 3901.34 -87.3848 21.5384 0.120537 0.992709 0 3.34069e-07
1jff 3912.09 -67.366 59.6811 0.354605 0.935016 0 1.51406e-07
1jff 3922.84 -31.9144 84.1515 0.568065 0.822984 0 1.20949e-07
1jff 3933.59 10.8483 89.3438 0.748511 0.663123 0 9.56722e-08
1jff 3944.34 51.1259 74.0686 0.885456 0.464723 0 8.37802e-08
1jff 3955.09 79.6911 41.8251 0.970942 0.239316 0 6.80458e-08
